beds <-
  structure(list(bed = c("A", "A", "A", "A", "B", "B", "B", "B",
                         "C", "D"), patient = c(1, 2, 3, 4, 5, 6, 7, 8, 9, 10), start_time = structure(c(1577871240,
                                                                                                         1577876100, 1577878440, 1577901600, 1577871900, 1577895180, 1577914908,
                                                                                                         1577920380, 1577873100, 1577874600), class = c("POSIXct", "POSIXt"
                                                                                                         ), tzone = "UTC"), end_time = structure(c(1577874840, 1577877324,
                                                                                                                                                   1577986440, 1578009600, 1577889900, 1577914044, 1577919372, 1577925780,
                                                                                                                                                   1577874900, NA), class = c("POSIXct", "POSIXt"), tzone = "UTC")), row.names = c(NA,
                                                                                                                                                                                                                                   -10L),
    class = c("tbl_df", "tbl", "data.frame")
  )
